Classifier,testSize,accuracy,precision,recall,f1
NaiveBayes,0.1,84.32671081677704,64.59555908009517,67.0843776106934,65.65726671863155
NaiveBayes,0.1,85.65121412803532,65.19643672910004,65.95290619604835,65.55858374369832
NaiveBayes,0.1,89.84547461368653,70.25811034809377,69.41009642654565,69.82099409106708
NaiveBayes,0.1,84.10596026490066,65.28960475578407,66.61501527717154,65.89996654399465
NaiveBayes,0.1,89.40397350993378,77.63207547169812,74.49815991970559,75.9170653907496
NaiveBayes,0.2,86.62983425414365,63.91011888799499,68.0514471318369,65.53856514802006
NaiveBayes,0.2,86.51933701657458,67.16825902335457,70.09006211180125,68.43624928530589
NaiveBayes,0.2,85.6353591160221,68.45523403751702,70.59713813979086,69.42122554217869
NaiveBayes,0.2,84.08839779005525,66.80726205758299,66.80726205758299,66.80726205758297
NaiveBayes,0.2,87.29281767955801,67.10000000000001,73.18974630021141,69.40419389641963
NaiveBayes,0.3,86.29329403095063,68.52090887116267,69.27766316107281,68.8862755539777
NaiveBayes,0.3,86.4406779661017,66.78055936049721,67.72165905582364,67.2294495017902
NaiveBayes,0.3,85.04053058216654,66.07918434841511,65.8387302521833,65.95731796987863
NaiveBayes,0.3,84.96683861459101,65.71175389462628,68.8492875967283,67.02261486119451
NaiveBayes,0.3,87.1039056742815,69.00819350407222,70.56395966029724,69.73549221642357
NaiveBayes,0.4,86.89883913764511,68.15609275162434,70.67385849861051,69.27924642138292
NaiveBayes,0.4,87.89386401326699,69.33172778123058,69.24751243781094,69.28947447979368
NaiveBayes,0.4,86.5118850193477,67.83165001981365,71.53178658847057,69.3872965145311
NaiveBayes,0.4,86.84355997788835,68.49831997932282,68.94789791379858,68.7186126804771
NaiveBayes,0.4,87.28579325594251,68.21228898659285,68.52489739830317,68.36643148226993
DecisionTree,0.1,78.58719646799118,40.374873353596755,34.35729847494553,36.897772807753235
DecisionTree,0.1,79.91169977924945,44.2952380952381,36.29402009560043,39.39853053777105
DecisionTree,0.1,79.69094922737307,41.857152322268604,34.89278752436647,37.199115747793215
DecisionTree,0.1,81.23620309050773,39.877328282144944,33.64641620037304,36.085419956387696
DecisionTree,0.1,80.5739514348786,40.248704663212436,34.532047646057855,36.845994679278746
DecisionTree,0.2,79.88950276243094,42.339130851420634,34.592302513833474,37.19390901746857
DecisionTree,0.2,79.11602209944752,43.104932141674944,35.19263430767855,37.92903573055107
DecisionTree,0.2,77.23756906077348,40.32527015613834,34.22424838354042,36.54588672954248
