Classifier,testSize,accuracy,precision,recall,f1
NaiveBayes,0.2,85.26011560693641,73.78747795414462,60.98809014405933,64.11243995590205
NaiveBayes,0.2,88.72832369942196,87.63819985825656,58.5557202360481,63.565951347138714
NaiveBayes,0.2,89.01734104046243,72.90454545454546,63.72666625068896,66.36518878270405
NaiveBayes,0.2,89.88439306358381,74.38501187528426,64.50552208835342,68.41788179281257
NaiveBayes,0.2,87.57225433526011,76.77890131956397,59.41971664698937,63.880093690516624
NaiveBayes,0.1,87.28323699421965,77.3781838316722,70.2237215909091,73.17989346428348
NaiveBayes,0.1,82.65895953757226,80.33333333333333,58.995374094931606,63.67402775063513
NaiveBayes,0.1,86.1271676300578,89.1025641025641,56.44047619047618,62.92130365659777
NaiveBayes,0.1,85.54913294797689,74.93589743589743,62.97660373098524,65.96509845537084
NaiveBayes,0.1,90.7514450867052,92.32369067876725,58.53174603174603,63.69342473831638
NaiveBayes,0.3,84.77842003853564,71.768011407285,59.64435935200031,63.199404761904766
NaiveBayes,0.3,85.16377649325626,76.34288863994111,62.524481363980875,67.6062341746304
NaiveBayes,0.3,87.09055876685935,78.96438416659268,62.221401409644685,66.43106098163078
NaiveBayes,0.3,85.16377649325626,82.54420147296206,58.02380466824635,64.21985814131315
NaiveBayes,0.3,84.39306358381504,73.7201521376561,62.54545031308923,66.77393662595014
NaiveBayes,0.4,87.42774566473989,80.8244367639529,58.99642915755992,63.569613821138205
NaiveBayes,0.4,85.83815028901735,77.77422897615205,56.233774874586665,60.846545284780575
NaiveBayes,0.4,85.54913294797689,78.84062678399181,59.662108292813684,64.38319324868351
NaiveBayes,0.4,87.71676300578035,77.38779761904763,68.56841821515735,72.30382102121075
NaiveBayes,0.4,85.11560693641619,77.55613010395457,61.947778403647376,67.0817721358715
DecisionTree,0.1,89.59537572254335,73.93939393939395,56.79613095238095,63.254901960784316
DecisionTree,0.1,88.4393063583815,75.42857142857142,61.361788617886184,66.6254935470564
DecisionTree,0.1,82.08092485549133,74.83870967741936,52.10622710622711,59.89033189033191
DecisionTree,0.1,83.8150289017341,67.33333333333333,53.15246957766643,58.94223263075722
DecisionTree,0.1,88.4393063583815,77.64705882352942,48.76517273576096,57.95876985468065
DecisionTree,0.2,87.86127167630057,69.33460999029022,53.56921520268133,59.913714808885445
DecisionTree,0.2,85.54913294797689,71.58371040723982,55.952002022538025,61.46250687320614
DecisionTree,0.2,87.57225433526011,71.71262527426912,63.26357102354103,67.11309523809523
DecisionTree,0.2,87.57225433526011,72.41916269571136,64.18840579710145,67.6155563734511
DecisionTree,0.2,85.54913294797689,71.82791140100558,58.541874182369,63.211881977671446
DecisionTree,0.3,86.89788053949904,70.03473453194901,54.73881090703521,60.91774343626195
DecisionTree,0.3,85.16377649325626,62.26763185894513,53.95203667783459,57.36554528757152
DecisionTree,0.3,88.6319845857418,66.79863147605083,59.18148320219071,62.70019872896266
DecisionTree,0.3,86.70520231213872,69.74739568121191,61.53946633828138,65.12803850346019
DecisionTree,0.3,89.78805394990366,67.71751412429377,60.65448745831521,63.91149147259107
DecisionTree,0.4,87.28323699421965,72.2128218375958,53.22087269455691,59.54622180327509
DecisionTree,0.4,86.27167630057804,59.39689376894922,53.98787503866378,56.46362154988493
DecisionTree,0.4,89.16184971098265,64.7324562856922,57.858907136976214,60.842001679572576
DecisionTree,0.4,86.9942196531792,67.99746810479826,58.62618729033824,62.82294294012196
DecisionTree,0.4,86.84971098265896,66.33454545454546,54.993009382961546,59.867163392622366
