Classifier,testSize,accuracy,precision,recall,f1
NaiveBayes,0.1,62.06896551724138,67.03431372549021,72.56493506493507,60.906862745098046
NaiveBayes,0.1,60.3448275862069,66.17647058823529,75.53191489361701,58.2472613458529
NaiveBayes,0.1,53.44827586206896,70.0,66.25,53.09973045822103
NaiveBayes,0.1,55.172413793103445,67.11309523809523,65.97222222222221,55.11904761904762
NaiveBayes,0.1,60.3448275862069,69.72222222222221,69.16329284750337,60.33303597977996
NaiveBayes,0.2,53.44827586206896,65.6443957648777,65.6443957648777,53.448275862068975
NaiveBayes,0.2,49.137931034482754,68.61702127659575,63.58024691358024,48.49100624670731
NaiveBayes,0.2,56.03448275862068,66.92599620493358,64.67105263157895,55.76822429906543
NaiveBayes,0.2,52.58620689655172,66.86746987951807,68.75,52.4979524979525
NaiveBayes,0.2,51.724137931034484,64.43957648776926,65.00948766603415,51.709782931906034
NaiveBayes,0.3,54.59770114942529,67.15918367346939,66.9516129032258,54.596201486374895
NaiveBayes,0.3,53.44827586206896,68.359375,68.11023622047244,53.44673823286541
NaiveBayes,0.3,53.44827586206896,64.93840636207703,66.27038043478262,53.37281238627717
NaiveBayes,0.3,56.896551724137936,69.13218294521695,67.2820823244552,56.780923994038744
NaiveBayes,0.3,59.195402298850574,69.67914438502673,70.7741935483871,59.16168060559982
NaiveBayes,0.4,59.48275862068966,70.18543645409316,68.69710934227064,59.40734122552305
NaiveBayes,0.4,54.741379310344826,67.73857982813206,68.60531309297913,54.72034796185803
NaiveBayes,0.4,58.189655172413794,69.48211005161403,70.32676159182184,58.170226212383135
NaiveBayes,0.4,54.741379310344826,68.53629861859508,66.42361111111111,54.59882583170255
NaiveBayes,0.4,56.46551724137932,67.45254133496633,68.2092004381161,56.445287087120576
DecisionTree,0.1,70.6896551724138,85.08771929824562,52.77777777777778,46.500271296798694
DecisionTree,0.1,67.24137931034483,83.33333333333333,52.5,44.761904761904766
DecisionTree,0.1,75.86206896551724,87.71929824561404,53.333333333333336,49.25
DecisionTree,0.1,77.58620689655173,88.59649122807018,53.57142857142857,50.23102310231023
DecisionTree,0.1,58.620689655172406,29.82456140350877,48.57142857142857,36.95652173913043
DecisionTree,0.2,69.82758620689656,60.26785714285714,51.622574955908284,46.06084761525177
DecisionTree,0.2,70.6896551724138,68.73156342182891,52.23985890652557,46.5002712967987
DecisionTree,0.2,77.58620689655173,64.03508771929825,51.36752136752138,47.198879551820724
DecisionTree,0.2,71.55172413793103,75.58558558558559,54.93055555555556,51.11735410547822
DecisionTree,0.2,78.44827586206897,76.78571428571428,54.993757802746565,53.4585138822019
DecisionTree,0.3,68.96551724137932,64.61538461538461,51.88693659281894,45.625
DecisionTree,0.3,70.6896551724138,60.58823529411765,51.14777618364419,44.93329196400869
DecisionTree,0.3,71.83908045977012,77.38095238095238,54.3037579915796,49.997067620667416
DecisionTree,0.3,70.11494252873564,52.38095238095239,50.38709677419355,44.66731898238747
DecisionTree,0.3,74.13793103448276,50.14705882352941,50.01775252973548,44.65257651798968
DecisionTree,0.4,68.10344827586206,51.04166666666667,50.32281205164993,46.2155388471178
DecisionTree,0.4,73.70689655172413,86.44444444444444,55.14705882352941,51.492716366752354
DecisionTree,0.4,76.72413793103449,88.10572687224669,54.23728813559322,51.062500000000014
DecisionTree,0.4,66.37931034482759,58.55855855855856,51.581751581751575,45.30947775628627
DecisionTree,0.4,69.82758620689656,63.68253968253968,51.88522438981716,46.06084761525175
