Classifier,testSize,accuracy,precision,recall,f1
NaiveBayes,0.2,100.0,100.0,100.0,100.0
NaiveBayes,0.2,96.66666666666667,96.29629629629629,97.43589743589745,96.70588235294119
NaiveBayes,0.2,100.0,100.0,100.0,100.0
NaiveBayes,0.2,93.33333333333333,91.07142857142857,91.07142857142857,91.07142857142857
NaiveBayes,0.2,96.66666666666667,96.66666666666667,96.66666666666667,96.49122807017544
NaiveBayes,0.4,93.33333333333333,93.0701754385965,93.49376114081997,93.12169312169311
NaiveBayes,0.4,96.66666666666667,96.82539682539682,97.10144927536231,96.81818181818183
NaiveBayes,0.4,95.0,95.15151515151516,95.34706331045003,95.2136752136752
NaiveBayes,0.4,90.0,91.6971916971917,91.42512077294685,91.45454545454545
NaiveBayes,0.4,95.0,95.45454545454545,94.73684210526315,94.70383275261324
NaiveBayes,0.3,91.11111111111111,91.18589743589745,90.95238095238095,90.7936507936508
NaiveBayes,0.3,95.55555555555556,95.76923076923077,95.76923076923077,95.76923076923079
NaiveBayes,0.3,97.77777777777777,96.66666666666667,98.24561403508771,97.34471313418682
NaiveBayes,0.3,97.77777777777777,97.77777777777779,98.14814814814815,97.89819376026273
NaiveBayes,0.3,97.77777777777777,97.22222222222221,97.61904761904762,97.31615673644659
NaiveBayes,0.1,100.0,100.0,100.0,100.0
NaiveBayes,0.1,100.0,100.0,100.0,100.0
NaiveBayes,0.1,100.0,100.0,100.0,100.0
NaiveBayes,0.1,100.0,100.0,100.0,100.0
NaiveBayes,0.1,100.0,100.0,100.0,100.0
NaiveBayes,0.1,93.33333333333333,91.66666666666666,96.66666666666667,93.48370927318295
DecisionTree,0.1,93.33333333333333,88.88888888888889,95.23809523809524,90.76923076923077
DecisionTree,0.1,100.0,100.0,100.0,100.0
DecisionTree,0.1,100.0,100.0,100.0,100.0
DecisionTree,0.1,100.0,100.0,100.0,100.0
DecisionTree,0.1,93.33333333333333,83.33333333333334,96.96969696969697,87.3015873015873
DecisionTree,0.2,90.0,87.96296296296296,88.57142857142858,88.0701754385965
DecisionTree,0.2,86.66666666666667,85.92592592592592,85.92592592592592,85.92592592592592
DecisionTree,0.2,93.33333333333333,94.87179487179488,93.33333333333333,93.5185185185185
DecisionTree,0.2,100.0,100.0,100.0,100.0
DecisionTree,0.2,93.33333333333333,93.33333333333333,94.87179487179488,93.5185185185185
DecisionTree,0.3,86.66666666666667,87.46438746438746,86.53846153846155,86.76721970839618
DecisionTree,0.3,95.55555555555556,95.58404558404558,95.58404558404558,95.58404558404558
DecisionTree,0.3,93.33333333333333,93.46092503987241,94.22657952069716,93.62666237666237
DecisionTree,0.3,95.55555555555556,96.07843137254902,95.83333333333334,95.69444444444444
DecisionTree,0.3,91.11111111111111,91.66666666666666,91.53846153846153,90.7059314954052
DecisionTree,0.4,96.66666666666667,96.28571428571429,96.28571428571429,96.28571428571429
DecisionTree,0.4,95.0,95.23809523809524,95.30303030303031,95.23539421440725
DecisionTree,0.4,93.33333333333333,93.12169312169311,93.12169312169311,93.12169312169311
DecisionTree,0.4,93.33333333333333,94.20289855072464,92.98245614035089,92.90382819794584
DecisionTree,0.4,95.0,94.82456140350877,94.97354497354497,94.85827290705339
