Classifier,testSize,accuracy,precision,recall,f1
NaiveBayes,0.2,85.37808641975309,80.76837428577636,66.27167369248818,66.19527130505836
NaiveBayes,0.2,84.52932098765432,88.62447068544084,66.15664194917812,66.24563264176071
NaiveBayes,0.2,84.60648148148148,70.93703343070432,52.631628703261235,52.51067665979292
NaiveBayes,0.2,84.52932098765432,73.64385008195687,65.74494673713218,65.75673038985934
NaiveBayes,0.2,84.10493827160494,75.54593097688047,64.81399752386955,64.47470500499192
DecisionTree,0.2,84.06635802469135,62.031493492361214,61.63310506697057,61.815826162415824
DecisionTree,0.2,83.68055555555556,62.34541012575423,60.377905814969026,61.31045561652769
DecisionTree,0.2,82.2145061728395,62.03421067152238,60.34125545299801,61.15702423821533
DecisionTree,0.2,83.44907407407408,60.22718099521421,61.7496007874877,60.82471082883571
DecisionTree,0.2,81.90586419753086,61.58390329939707,60.72357155900785,61.14843943777078
