Classifier,testSize,accuracy,precision,recall,f1
NaiveBayes,0.1,61.458333333333336,58.08823529411764,57.054512139257895,56.971532404603266
NaiveBayes,0.1,72.91666666666666,67.30196545562835,64.9511065362841,65.71428571428571
NaiveBayes,0.1,63.541666666666664,59.21255790015441,58.49146110056927,58.656330749354005
NaiveBayes,0.1,65.625,64.18067226890756,62.145748987854255,62.173134328358216
NaiveBayes,0.1,72.91666666666666,64.1025641025641,60.87912087912088,61.67076167076168
NaiveBayes,0.2,71.35416666666666,63.87267544455002,64.03846153846155,63.95289298515105
NaiveBayes,0.2,73.95833333333334,72.975432211101,65.29376135675349,66.19718309859155
NaiveBayes,0.2,74.47916666666666,71.875,68.31617201695941,69.2779936648924
NaiveBayes,0.2,66.14583333333334,65.19908662765805,61.9770580296896,61.763534422010494
NaiveBayes,0.2,69.27083333333334,64.90476190476191,61.37492428831012,61.780087047471234
NaiveBayes,0.3,71.18055555555556,69.00088157508081,66.75824175824177,67.31881383044174
NaiveBayes,0.3,69.44444444444444,66.48586925492435,62.175838077166354,62.491120056831626
NaiveBayes,0.3,72.22222222222221,67.35250210943077,64.91325932950298,65.64680622651636
NaiveBayes,0.3,70.83333333333334,67.77231777231778,63.851063829787236,64.45489274169852
NaiveBayes,0.3,69.79166666666666,66.43518518518519,63.53311801768412,64.06144666446735
NaiveBayes,0.4,75.52083333333334,75.62539849229269,69.94133613518956,70.97272259392692
NaiveBayes,0.4,69.53125,65.62556911309416,62.89682539682539,63.415766202252314
NaiveBayes,0.4,69.27083333333334,64.74594791476962,62.30734154126767,62.81512605042017
NaiveBayes,0.4,70.57291666666666,70.75811551855261,64.84768666972057,65.01971027110692
NaiveBayes,0.4,70.3125,65.80696145694888,63.48233708140568,64.07563025210085
DecisionTree,0.1,76.04166666666666,56.17690058479532,51.028433151845135,53.35981463091692
DecisionTree,0.1,82.29166666666666,59.64015151515151,54.785954785954786,57.07083876575402
DecisionTree,0.1,83.33333333333334,60.478927203065126,54.071075123706706,56.67001843472431
DecisionTree,0.1,83.33333333333334,56.423611111111114,54.07969639468691,55.142195767195766
DecisionTree,0.1,76.04166666666666,54.88215488215488,50.649350649350644,52.6029526029526
DecisionTree,0.2,86.45833333333334,58.517060367454064,56.18085618085619,57.287157287157285
DecisionTree,0.2,81.77083333333334,57.469519208649636,54.7979797979798,55.9801630404968
DecisionTree,0.2,78.64583333333334,56.512721238938056,51.651893634165994,53.95167379813742
DecisionTree,0.2,85.9375,57.47927031509121,56.770833333333336,57.07953705983747
DecisionTree,0.2,86.45833333333334,60.21971288515405,56.78811158964808,58.425925925925924
DecisionTree,0.3,84.72222222222221,59.18289423444062,54.75972004821791,56.74984191838125
DecisionTree,0.3,81.94444444444444,58.0542264752791,54.03472931562819,55.957554736019524
DecisionTree,0.3,85.41666666666666,58.178613631356534,55.7375241246209,56.93189881671557
DecisionTree,0.3,78.81944444444444,54.940302522399485,51.188686000716075,52.990664533394835
DecisionTree,0.3,84.375,57.213403880070544,54.81919083422843,55.96848743427084
DecisionTree,0.4,77.08333333333334,55.12946574893478,50.63251106894371,52.78448803427062
DecisionTree,0.4,80.46875,55.22995916612938,52.79250618593142,53.98372731706065
DecisionTree,0.4,80.46875,56.66738166738167,51.9370651486401,54.037786774628884
DecisionTree,0.4,79.42708333333334,55.44513757918662,50.977352181182546,53.091858648426324
DecisionTree,0.4,79.94791666666666,55.41863564764328,50.819574594675,52.72124374864101

