Classifier,testSize,accuracy,precision,recall,f1
NaiveBayes,0.2,87.5,87.17124488603156,85.49107142857143,86.20099786172486
NaiveBayes,0.2,93.18181818181817,92.25302061122957,89.76588628762542,90.90909090909092
NaiveBayes,0.2,86.36363636363636,86.71875,82.41379310344827,83.97085610200364
NaiveBayes,0.2,88.63636363636364,88.96551724137932,86.9281045751634,87.72321428571429
NaiveBayes,0.2,93.18181818181817,91.40625,91.40625,91.40625
DecisionTree,0.2,90.9090909090909,88.48484848484847,92.41044323011536,89.88505747126436
DecisionTree,0.2,92.04545454545455,90.91680814940577,91.55172413793103,91.21881682109765
DecisionTree,0.2,89.77272727272727,89.59627329192547,90.03139717425432,89.70760233918129
DecisionTree,0.2,90.9090909090909,89.50892857142857,90.6896551724138,90.03961516694963
DecisionTree,0.2,90.9090909090909,89.74358974358974,92.98245614035088,90.5121293800539
