Classifier,testSize,accuracy,precision,recall,f1
NaiveBayes,0.1,100.0,100.0,100.0,100.0
NaiveBayes,0.1,94.44444444444444,88.88888888888889,94.44444444444446,90.3030303030303
NaiveBayes,0.1,100.0,100.0,100.0,100.0
NaiveBayes,0.1,88.88888888888889,86.90476190476191,92.5925925925926,88.507326007326
NaiveBayes,0.1,94.44444444444444,94.44444444444446,96.66666666666667,95.21531100478468
NaiveBayes,0.2,97.22222222222221,97.91666666666666,96.66666666666667,97.17034521788342
NaiveBayes,0.2,97.22222222222221,96.96969696969697,97.77777777777779,97.26327312534208
NaiveBayes,0.2,100.0,100.0,100.0,100.0
NaiveBayes,0.2,97.22222222222221,97.22222222222221,97.22222222222221,97.10144927536231
NaiveBayes,0.2,97.22222222222221,93.33333333333333,98.14814814814815,95.34391534391534
NaiveBayes,0.3,96.29629629629629,96.8840579710145,95.55555555555556,96.14331723027375
NaiveBayes,0.3,98.14814814814815,96.96969696969697,98.61111111111111,97.70347855454239
NaiveBayes,0.3,98.14814814814815,98.55072463768116,98.03921568627452,98.24915824915826
NaiveBayes,0.3,96.29629629629629,96.16977225672878,96.16977225672878,96.16977225672878
NaiveBayes,0.3,92.5925925925926,92.58112601765852,92.96296296296296,92.72209272209273
NaiveBayes,0.4,95.83333333333334,96.26216077828983,95.85858585858587,95.96034602032204
NaiveBayes,0.4,97.22222222222221,96.66666666666667,97.70114942528735,97.05513784461154
NaiveBayes,0.4,98.61111111111111,98.80952380952381,98.66666666666667,98.71366728509585
NaiveBayes,0.4,97.22222222222221,97.20279720279721,97.20279720279721,97.20279720279721
NaiveBayes,0.4,95.83333333333334,96.18599791013584,95.91097308488612,96.0233918128655
DecisionTree,0.1,88.88888888888889,83.33333333333334,91.11111111111111,84.10419989367358
DecisionTree,0.1,100.0,100.0,100.0,100.0
DecisionTree,0.1,94.44444444444444,96.29629629629629,94.44444444444446,95.00891265597147
DecisionTree,0.1,100.0,100.0,100.0,100.0
DecisionTree,0.1,100.0,100.0,100.0,100.0
DecisionTree,0.2,91.66666666666666,92.22222222222221,92.85714285714285,91.86466165413535
DecisionTree,0.2,69.44444444444444,74.24242424242425,71.75417175417175,69.93939393939394
DecisionTree,0.2,80.55555555555556,79.12698412698413,79.76190476190476,78.998778998779
DecisionTree,0.2,97.22222222222221,98.03921568627452,95.83333333333334,96.76767676767678
DecisionTree,0.2,94.44444444444444,94.87179487179488,96.07843137254902,95.13888888888889
DecisionTree,0.3,92.5925925925926,91.81818181818183,93.9814814814815,92.44536461927767
DecisionTree,0.3,85.18518518518519,85.17371861025111,88.70588235294117,85.31194295900178
DecisionTree,0.3,94.44444444444444,95.0,94.41176470588233,94.35926310926311
DecisionTree,0.3,88.88888888888889,91.04938271604938,87.86696395392048,88.96969696969697
DecisionTree,0.3,96.29629629629629,96.32936507936508,96.06481481481482,96.15127758420442
DecisionTree,0.4,94.44444444444444,95.83333333333334,94.87179487179488,95.0
DecisionTree,0.4,87.5,86.75925925925925,87.79032258064517,87.15879794540767
DecisionTree,0.4,86.11111111111111,85.58201058201057,87.10447141819691,85.91925446414609
DecisionTree,0.4,90.27777777777779,88.70426065162907,90.84017515051998,89.22346716464364
DecisionTree,0.4,86.11111111111111,86.14718614718613,86.67711598746082,86.38589073105597
